{
  "advancedEditorSelectedIdentifier" : "ProjectBrowser",
  "openSceneRelativePaths" : [
    "Scene.usda",
    "Radio.usda",
    "CDPlayer.usda"
  ],
  "recentIdentifiers" : {
    "26DBAE76-5DD8-47B6-A085-1B4ADA111097" : [

    ],
    "B5D244F0-298B-4000-906C-77B9AC6997FC" : [

    ],
    "B6E0AE98-4959-46D9-BDF5-3A2259C51F39" : [

    ],
    "DCF48BAC-49EB-4D3F-B8A1-F89A3F19AF2A" : [

    ]
  },
  "sceneCameraHistory" : {
    "15D6B445-1144-4A7E-AE7E-AD293AC18CB7" : [
      {
        "date" : 760283962.692651,
        "title" : "Untitled",
        "transform" : [
          0.9994917,
          -9.562654e-09,
          -0.031879812,
          0,
          -0.0051484876,
          0.9868732,
          -0.16141514,
          0,
          0.03146137,
          0.16149728,
          0.9863715,
          0,
          -0.009012908,
          0.18072945,
          0.89830357,
          1
        ]
      },
      {
        "date" : 760283945.316429,
        "title" : "Untitled",
        "transform" : [
          0.99936706,
          -9.319577e-09,
          -0.035573725,
          0,
          -0.0019307612,
          0.9985259,
          -0.05424096,
          0,
          0.035521325,
          0.054275367,
          0.997894,
          0,
          -0.0060257255,
          0.08613514,
          0.8908482,
          1
        ]
      },
      {
        "date" : 760283925.734832,
        "title" : "Untitled",
        "transform" : [
          0.9959127,
          -8.810734e-09,
          -0.090321794,
          0,
          -0.017202051,
          0.98169637,
          -0.18967465,
          0,
          0.08866861,
          0.19045313,
          0.9776837,
          0,
          0.04011161,
          0.20490523,
          0.8697966,
          1
        ]
      },
      {
        "date" : 760283922.250769,
        "title" : "Untitled",
        "transform" : [
          0.9995546,
          -8.838437e-09,
          0.029845407,
          0,
          0.0067182346,
          0.97433555,
          -0.2250005,
          0,
          -0.029079394,
          0.22510082,
          0.9739014,
          0,
          -0.06257221,
          0.23513731,
          0.86841303,
          1
        ]
      },
      {
        "date" : 760283916.771948,
        "title" : "Untitled",
        "transform" : [
          0.9995546,
          -8.838437e-09,
          0.029845407,
          0,
          0.0067182346,
          0.97433555,
          -0.2250005,
          0,
          -0.029079394,
          0.22510082,
          0.9739014,
          0,
          -0.18761739,
          0.22052227,
          0.8680567,
          1
        ]
      },
      {
        "date" : 760283914.994392,
        "title" : "Untitled",
        "transform" : [
          0.99955446,
          -8.838436e-09,
          0.029845404,
          0,
          0.0067182346,
          0.97433555,
          -0.2250005,
          0,
          -0.029079394,
          0.22510082,
          0.9739014,
          0,
          -0.18761739,
          0.22052227,
          0.8680567,
          1
        ]
      },
      {
        "date" : 760283912.353217,
        "title" : "Untitled",
        "transform" : [
          0.9898439,
          -8.851843e-09,
          -0.14215907,
          0,
          -0.019403577,
          0.9906412,
          -0.13510585,
          0,
          0.14082865,
          0.13649213,
          0.98058,
          0,
          -0.03910024,
          0.14338577,
          0.88462454,
          1
        ]
      },
      {
        "date" : 760283907.116694,
        "title" : "Untitled",
        "transform" : [
          0.99209046,
          -3.4421017e-09,
          -0.12552564,
          0,
          -0.0555839,
          0.89661586,
          -0.43930683,
          0,
          0.11254828,
          0.4428093,
          0.88952386,
          0,
          -0.056488037,
          0.41695026,
          0.8615644,
          1
        ]
      },
      {
        "date" : 760283904.218173,
        "title" : "Untitled",
        "transform" : [
          0.99579436,
          -2.5955762e-09,
          -0.091617115,
          0,
          -0.005316782,
          0.99831474,
          -0.0577887,
          0,
          0.09146271,
          0.058032844,
          0.9941162,
          0,
          -0.083942376,
          0.07632515,
          0.8737009,
          1
        ]
      },
      {
        "date" : 760283895.296366,
        "title" : "Untitled",
        "transform" : [
          0.98601913,
          -4.3703667e-09,
          -0.16663165,
          0,
          -0.05341574,
          0.9472276,
          -0.31608015,
          0,
          0.15783812,
          0.32056192,
          0.93398464,
          0,
          -0.018018529,
          0.30537382,
          0.8827326,
          1
        ]
      }
    ],
    "26DBAE76-5DD8-47B6-A085-1B4ADA111097" : [
      {
        "date" : 760276851.167985,
        "title" : "Untitled",
        "transform" : [
          0.9917688,
          2.5581692e-09,
          -0.12804176,
          0,
          -0.053984705,
          0.9067736,
          -0.41814753,
          0,
          0.11610488,
          0.4216179,
          0.8993097,
          0,
          0.20119563,
          0.7306124,
          1.5583942,
          1
        ]
      },
      {
        "date" : 760276848.359985,
        "title" : "Untitled",
        "transform" : [
          0.9917688,
          2.5581692e-09,
          -0.12804176,
          0,
          -0.053984705,
          0.9067736,
          -0.41814753,
          0,
          0.11610488,
          0.4216179,
          0.8993097,
          0,
          0.86209434,
          3.1305692,
          6.677495,
          1
        ]
      },
      {
        "date" : 760274298.938547,
        "title" : "Untitled",
        "transform" : [
          0.9917688,
          2.5581692e-09,
          -0.12804176,
          0,
          -0.053984705,
          0.9067736,
          -0.41814753,
          0,
          0.11610488,
          0.4216179,
          0.8993097,
          0,
          0.052092038,
          0.18916461,
          0.4034876,
          1
        ]
      },
      {
        "date" : 760089860.443398,
        "title" : "Untitled",
        "transform" : [
          0.9917688,
          2.5581692e-09,
          -0.12804176,
          0,
          -0.053984705,
          0.9067736,
          -0.41814753,
          0,
          0.11610489,
          0.42161795,
          0.8993098,
          0,
          0.042483915,
          0.15427415,
          0.32906625,
          1
        ]
      },
      {
        "date" : 760089793.650851,
        "title" : "Untitled",
        "transform" : [
          1,
          0,
          0,
          0,
          0,
          0.7071069,
          -0.70710677,
          0,
          0,
          0.70710677,
          0.7071069,
          0,
          0,
          0.2587373,
          0.25873733,
          1
        ]
      }
    ],
    "7CE00D54-87AF-4A64-A73C-50F33F81BEEE" : [
      {
        "date" : 760283677.936704,
        "title" : "Untitled",
        "transform" : [
          0.9926963,
          -9.978807e-09,
          0.120640785,
          0,
          -0.0015255848,
          0.99992,
          0.012553092,
          0,
          -0.12063112,
          -0.012645596,
          0.99261683,
          0,
          0.6279291,
          0.5356018,
          1.6780105,
          1
        ]
      },
      {
        "date" : 760276979.651612,
        "title" : "Untitled",
        "transform" : [
          0.9231031,
          -1.0532883e-08,
          0.3845526,
          0,
          -0.051484253,
          0.99099743,
          0.12358581,
          0,
          -0.3810906,
          -0.13388097,
          0.9147928,
          0,
          0.13036653,
          0.33871597,
          1.834437,
          1
        ]
      },
      {
        "date" : 760276962.431864,
        "title" : "Untitled",
        "transform" : [
          -0.03250191,
          -1.341839e-08,
          0.99947166,
          0,
          0.21499369,
          0.9765904,
          0.006991372,
          0,
          -0.9760745,
          0.21510722,
          -0.03174103,
          0,
          -1.11765,
          0.852605,
          0.67996544,
          1
        ]
      },
      {
        "date" : 760276942.654174,
        "title" : "Untitled",
        "transform" : [
          0.9628679,
          -1.4571607e-08,
          0.26997283,
          0,
          0.120520666,
          0.8948247,
          -0.42984143,
          0,
          -0.24157834,
          0.44641772,
          0.861598,
          0,
          0.016003782,
          1.1893685,
          1.9334431,
          1
        ]
      },
      {
        "date" : 760276937.251499,
        "title" : "Untitled",
        "transform" : [
          0.9984907,
          -1.4923256e-08,
          0.05492258,
          0,
          0.025779733,
          0.88299435,
          -0.46867514,
          0,
          -0.04849629,
          0.4693835,
          0.88166165,
          0,
          0.29643735,
          1.2212288,
          1.8853829,
          1
        ]
      },
      {
        "date" : 760276932.380118,
        "title" : "Untitled",
        "transform" : [
          0.9984907,
          -1.4923256e-08,
          0.05492258,
          0,
          0.025779737,
          0.8829945,
          -0.4686752,
          0,
          -0.04849629,
          0.4693835,
          0.88166165,
          0,
          0.6325591,
          1.7587043,
          3.296356,
          1
        ]
      },
      {
        "date" : 760276918.883923,
        "title" : "Untitled",
        "transform" : [
          0.99971795,
          -1.1900968e-08,
          -0.023749042,
          0,
          -0.0062348163,
          0.96492386,
          -0.26245597,
          0,
          0.02291599,
          0.26252994,
          0.96465176,
          0,
          0.8931586,
          1.0136044,
          3.3794253,
          1
        ]
      },
      {
        "date" : 760276912.824986,
        "title" : "Untitled",
        "transform" : [
          0.9973045,
          -1.1897755e-08,
          0.073374644,
          0,
          0.020295713,
          0.96098405,
          -0.27585804,
          0,
          -0.0705119,
          0.27660355,
          0.95839375,
          0,
          0.56212103,
          1.06318,
          3.435012,
          1
        ]
      },
      {
        "date" : 760276868.650538,
        "title" : "Untitled",
        "transform" : [
          0.7436223,
          -1.2167252e-08,
          -0.66859996,
          0,
          -0.24176572,
          0.9323333,
          -0.2688938,
          0,
          0.623358,
          0.3615999,
          0.6933039,
          0,
          2.794387,
          1.3621721,
          1.8924919,
          1
        ]
      },
      {
        "date" : 760276833.243033,
        "title" : "Untitled",
        "transform" : [
          0.95107913,
          5.218686e-09,
          -0.3089476,
          0,
          -0.20935719,
          0.7353879,
          -0.64449525,
          0,
          0.22719635,
          0.6776463,
          0.69941217,
          0,
          0.80576015,
          2.403298,
          2.480491,
          1
        ]
      }
    ],
    "8E0B3EC5-3B4A-466D-BED4-0B0E048C3217" : [
      {
        "date" : 760287635.412665,
        "title" : "Untitled",
        "transform" : [
          0.99970067,
          3.176042e-09,
          0.024466077,
          0,
          0.00034290104,
          0.9999017,
          -0.014012206,
          0,
          -0.024463532,
          0.01401634,
          0.9996025,
          0,
          0.016977899,
          0.090783685,
          0.28779268,
          1
        ]
      },
      {
        "date" : 760287628.018096,
        "title" : "Untitled",
        "transform" : [
          0.18273625,
          3.5087055e-09,
          0.983162,
          0,
          -0.12688391,
          0.9916372,
          0.023583358,
          0,
          -0.9749399,
          -0.12905702,
          0.18120818,
          0,
          -0.24956752,
          0.050637588,
          0.057969444,
          1
        ]
      },
      {
        "date" : 760287625.853492,
        "title" : "Untitled",
        "transform" : [
          0.18273625,
          3.5087055e-09,
          0.983162,
          0,
          -0.12688391,
          0.9916372,
          0.023583358,
          0,
          -0.9749399,
          -0.12905702,
          0.18120818,
          0,
          -0.25085562,
          0.064365685,
          0.060816437,
          1
        ]
      },
      {
        "date" : 760287620.418999,
        "title" : "Untitled",
        "transform" : [
          0.013199826,
          2.8407405e-09,
          0.9999129,
          0,
          -0.34105653,
          0.94003206,
          0.0045022466,
          0,
          -0.93995005,
          -0.34108627,
          0.012408393,
          0,
          -0.24405895,
          0.0042886883,
          0.013296222,
          1
        ]
      },
      {
        "date" : 760287609.418983,
        "title" : "Untitled",
        "transform" : [
          0.99841654,
          2.963517e-09,
          0.05625416,
          0,
          -0.0141303865,
          0.9679384,
          0.25079,
          0,
          -0.054450415,
          -0.2511878,
          0.9664056,
          0,
          0.0022200886,
          0.029876646,
          0.29035324,
          1
        ]
      },
      {
        "date" : 760287597.952214,
        "title" : "Untitled",
        "transform" : [
          0.9942781,
          2.872583e-09,
          0.10682361,
          0,
          -0.02967535,
          0.9606398,
          0.27620783,
          0,
          -0.10261885,
          -0.27779743,
          0.9551429,
          0,
          -0.011479389,
          0.022320382,
          0.28741425,
          1
        ]
      },
      {
        "date" : 760287592.836585,
        "title" : "Untitled",
        "transform" : [
          0.9967237,
          -7.7110385e-10,
          0.08088075,
          0,
          0.0016089824,
          0.9998022,
          -0.019828431,
          0,
          -0.080864616,
          0.01989354,
          0.9965266,
          0,
          -0.0049249977,
          0.10622301,
          0.2945904,
          1
        ]
      },
      {
        "date" : 760287518.536597,
        "title" : "Untitled",
        "transform" : [
          0.99905396,
          2.8844573e-09,
          0.043486677,
          0,
          0.0064760502,
          0.98884916,
          -0.14878012,
          0,
          -0.043001637,
          0.14892092,
          0.98791367,
          0,
          0.0071818624,
          0.19353068,
          0.60899043,
          1
        ]
      },
      {
        "date" : 760287515.512327,
        "title" : "Untitled",
        "transform" : [
          0.9989331,
          2.8547285e-09,
          0.046179682,
          0,
          0.0017509608,
          0.9992809,
          -0.037876416,
          0,
          -0.046146356,
          0.03791679,
          0.99821484,
          0,
          0.0052863024,
          0.12699921,
          0.61540395,
          1
        ]
      },
      {
        "date" : 760287503.275671,
        "title" : "Untitled",
        "transform" : [
          0.9987,
          2.7447653e-09,
          0.050972056,
          0,
          0.005801245,
          0.9935022,
          -0.113664865,
          0,
          -0.05064073,
          0.11381274,
          0.99221075,
          0,
          0.0025976114,
          0.17249085,
          0.6116979,
          1
        ]
      }
    ],
    "B6E0AE98-4959-46D9-BDF5-3A2259C51F39" : [
      {
        "date" : 760286492.81272,
        "title" : "Untitled",
        "transform" : [
          0.6145646,
          1.1163874e-08,
          -0.78886646,
          0,
          -0.24371658,
          0.95107985,
          -0.18986687,
          0,
          0.7502749,
          0.30894527,
          0.5845,
          0,
          0.2913164,
          0.15287404,
          0.2520482,
          1
        ]
      },
      {
        "date" : 760285596.538548,
        "title" : "Untitled",
        "transform" : [
          0.99992174,
          1.18544285e-08,
          -0.012508207,
          0,
          -0.0058632367,
          0.8833309,
          -0.46871325,
          0,
          0.011048904,
          0.4687499,
          0.8832618,
          0,
          -0.014975531,
          0.62216157,
          1.0194799,
          1
        ]
      },
      {
        "date" : 760285587.913859,
        "title" : "Untitled",
        "transform" : [
          0.9924763,
          1.1845186e-08,
          -0.122436814,
          0,
          -0.06590992,
          0.8427419,
          -0.5342676,
          0,
          0.10318265,
          0.53831774,
          0.83640134,
          0,
          0.088277414,
          0.7003631,
          0.96215314,
          1
        ]
      },
      {
        "date" : 760285523.910756,
        "title" : "Untitled",
        "transform" : [
          0.9924763,
          1.1845186e-08,
          -0.122436814,
          0,
          -0.06590992,
          0.8427419,
          -0.5342676,
          0,
          0.10318265,
          0.53831774,
          0.83640134,
          0,
          -0.07976535,
          0.75514114,
          0.9476279,
          1
        ]
      },
      {
        "date" : 760285522.80256,
        "title" : "Untitled",
        "transform" : [
          0.9924763,
          1.1845186e-08,
          -0.122436814,
          0,
          -0.06590992,
          0.8427419,
          -0.5342676,
          0,
          0.10318265,
          0.53831774,
          0.83640134,
          0,
          -0.08195811,
          0.77594775,
          0.97312033,
          1
        ]
      },
      {
        "date" : 760285512.701489,
        "title" : "Untitled",
        "transform" : [
          0.9895566,
          5.9521503e-09,
          -0.14414576,
          0,
          0.0040979288,
          0.9995958,
          0.028132215,
          0,
          0.14408748,
          -0.028429085,
          0.9891564,
          0,
          -0.0063338145,
          0.033761047,
          0.37539354,
          1
        ]
      },
      {
        "date" : 760285499.406026,
        "title" : "Untitled",
        "transform" : [
          0.9932206,
          5.4333946e-09,
          -0.11624225,
          0,
          -0.02601185,
          0.97464126,
          -0.22225568,
          0,
          0.11329451,
          0.22377267,
          0.9680341,
          0,
          -0.018552959,
          0.12032751,
          0.35558167,
          1
        ]
      },
      {
        "date" : 760285491.773253,
        "title" : "Untitled",
        "transform" : [
          0.9914535,
          3.481917e-09,
          -0.13045903,
          0,
          -0.13037959,
          0.034899462,
          -0.99084973,
          0,
          0.0045529483,
          0.99939084,
          0.034601226,
          0,
          -0.0608067,
          0.34887484,
          -0.001617426,
          1
        ]
      },
      {
        "date" : 760285470.980248,
        "title" : "Untitled",
        "transform" : [
          0.52336407,
          -3.8969565e-09,
          -0.85210913,
          0,
          -0.18325968,
          0.9765995,
          -0.11255778,
          0,
          0.8321693,
          0.21506591,
          0.5111171,
          0,
          0.25034633,
          0.11738687,
          0.24214341,
          1
        ]
      },
      {
        "date" : 760284857.465171,
        "title" : "Untitled",
        "transform" : [
          0.98872477,
          -2.0730804e-09,
          -0.14974399,
          0,
          -0.042650815,
          0.9585796,
          -0.28161344,
          0,
          0.14354151,
          0.28482485,
          0.9477714,
          0,
          -0.008518756,
          0.14084575,
          0.34779507,
          1
        ]
      }
    ],
    "DCF48BAC-49EB-4D3F-B8A1-F89A3F19AF2A" : [
      {
        "date" : 760287245.604048,
        "title" : "Untitled",
        "transform" : [
          0.9998258,
          1.1701673e-09,
          -0.018667825,
          0,
          -0.0077756806,
          0.9091224,
          -0.4164564,
          0,
          0.016971335,
          0.41652906,
          0.908964,
          0,
          0.048050743,
          0.82236415,
          1.7729509,
          1
        ]
      },
      {
        "date" : 760287204.588919,
        "title" : "Untitled",
        "transform" : [
          0.9998258,
          1.1701673e-09,
          -0.018667825,
          0,
          -0.0077756806,
          0.9091224,
          -0.4164564,
          0,
          0.016971335,
          0.41652906,
          0.908964,
          0,
          0.032344762,
          0.5558499,
          1.201225,
          1
        ]
      },
      {
        "date" : 760287200.119699,
        "title" : "Untitled",
        "transform" : [
          0.9998258,
          1.1701673e-09,
          -0.018667825,
          0,
          -0.0077756806,
          0.9091224,
          -0.4164564,
          0,
          0.016971335,
          0.41652906,
          0.908964,
          0,
          0.019252859,
          0.33369383,
          0.7246562,
          1
        ]
      },
      {
        "date" : 760286122.674083,
        "title" : "Untitled",
        "transform" : [
          0.98203474,
          1.0770381e-09,
          -0.18870042,
          0,
          -0.11148986,
          0.806796,
          -0.5802156,
          0,
          0.15224275,
          0.59083,
          0.7923017,
          0,
          0.12547621,
          0.47086966,
          0.6305871,
          1
        ]
      },
      {
        "date" : 760286121.073415,
        "title" : "Untitled",
        "transform" : [
          0.98203474,
          1.0770381e-09,
          -0.18870042,
          0,
          -0.11148986,
          0.806796,
          -0.5802156,
          0,
          0.15224275,
          0.59083,
          0.7923017,
          0,
          0.02283562,
          0.08600396,
          0.15212765,
          1
        ]
      },
      {
        "date" : 760286116.524105,
        "title" : "Untitled",
        "transform" : [
          0.98203474,
          -1.5926416e-09,
          -0.18870042,
          0,
          -0.11148988,
          0.80679613,
          -0.58021563,
          0,
          0.15224276,
          0.5908301,
          0.7923018,
          0,
          0.18238126,
          0.63775957,
          0.95773983,
          1
        ]
      },
      {
        "date" : 760285777.05499,
        "title" : "Untitled",
        "transform" : [
          0.99970824,
          -7.657414e-09,
          -0.024157401,
          0,
          -0.0064857225,
          0.96328586,
          -0.26839963,
          0,
          0.023270484,
          0.268478,
          0.96300477,
          0,
          0.025623877,
          0.2508938,
          1.1269164,
          1
        ]
      },
      {
        "date" : 760285775.21992,
        "title" : "Untitled",
        "transform" : [
          0.99970824,
          -7.657414e-09,
          -0.024157401,
          0,
          -0.0064857225,
          0.96328586,
          -0.26839963,
          0,
          0.023270484,
          0.268478,
          0.96300477,
          0,
          0.041214615,
          0.4024707,
          1.7941939,
          1
        ]
      },
      {
        "date" : 760285732.778492,
        "title" : "Untitled",
        "transform" : [
          0.99970824,
          -7.657414e-09,
          -0.024157401,
          0,
          -0.0064857225,
          0.96328586,
          -0.26839963,
          0,
          0.023270484,
          0.268478,
          0.96300477,
          0,
          0.0031823795,
          0.03271219,
          0.16642916,
          1
        ]
      },
      {
        "date" : 760285731.775712,
        "title" : "Untitled",
        "transform" : [
          0.99970824,
          -5.4885176e-09,
          -0.024157396,
          0,
          -0.006485722,
          0.96328586,
          -0.26839957,
          0,
          0.023270478,
          0.26847795,
          0.96300477,
          0,
          0.0182281,
          0.22296816,
          0.81480485,
          1
        ]
      }
    ]
  },
  "sceneViewportBackgroundColors" : {

  },
  "selectedSceneRelativePath" : "Radio.usda"
}