{
  "advancedEditorSelectedIdentifier" : "ProjectBrowser",
  "openSceneRelativePaths" : [
    "Radio.usda",
    "objects\/radio.usdc",
    "objects\/butterfly.usdc",
    "Scene.usda"
  ],
  "recentIdentifiers" : {
    "26DBAE76-5DD8-47B6-A085-1B4ADA111097" : [

    ],
    "6FCDAD17-AD5C-4C0F-8924-E58E982333EE" : [

    ],
    "B5D244F0-298B-4000-906C-77B9AC6997FC" : [

    ],
    "B6E0AE98-4959-46D9-BDF5-3A2259C51F39" : [

    ],
    "DCF48BAC-49EB-4D3F-B8A1-F89A3F19AF2A" : [

    ]
  },
  "sceneCameraHistory" : {
    "15D6B445-1144-4A7E-AE7E-AD293AC18CB7" : [
      {
        "date" : 760283962.692651,
        "title" : "Untitled",
        "transform" : [
          0.9994917,
          -9.562654e-09,
          -0.031879812,
          0,
          -0.0051484876,
          0.9868732,
          -0.16141514,
          0,
          0.03146137,
          0.16149728,
          0.9863715,
          0,
          -0.009012908,
          0.18072945,
          0.89830357,
          1
        ]
      },
      {
        "date" : 760283945.316429,
        "title" : "Untitled",
        "transform" : [
          0.99936706,
          -9.319577e-09,
          -0.035573725,
          0,
          -0.0019307612,
          0.9985259,
          -0.05424096,
          0,
          0.035521325,
          0.054275367,
          0.997894,
          0,
          -0.0060257255,
          0.08613514,
          0.8908482,
          1
        ]
      },
      {
        "date" : 760283925.734832,
        "title" : "Untitled",
        "transform" : [
          0.9959127,
          -8.810734e-09,
          -0.090321794,
          0,
          -0.017202051,
          0.98169637,
          -0.18967465,
          0,
          0.08866861,
          0.19045313,
          0.9776837,
          0,
          0.04011161,
          0.20490523,
          0.8697966,
          1
        ]
      },
      {
        "date" : 760283922.250769,
        "title" : "Untitled",
        "transform" : [
          0.9995546,
          -8.838437e-09,
          0.029845407,
          0,
          0.0067182346,
          0.97433555,
          -0.2250005,
          0,
          -0.029079394,
          0.22510082,
          0.9739014,
          0,
          -0.06257221,
          0.23513731,
          0.86841303,
          1
        ]
      },
      {
        "date" : 760283916.771948,
        "title" : "Untitled",
        "transform" : [
          0.9995546,
          -8.838437e-09,
          0.029845407,
          0,
          0.0067182346,
          0.97433555,
          -0.2250005,
          0,
          -0.029079394,
          0.22510082,
          0.9739014,
          0,
          -0.18761739,
          0.22052227,
          0.8680567,
          1
        ]
      },
      {
        "date" : 760283914.994392,
        "title" : "Untitled",
        "transform" : [
          0.99955446,
          -8.838436e-09,
          0.029845404,
          0,
          0.0067182346,
          0.97433555,
          -0.2250005,
          0,
          -0.029079394,
          0.22510082,
          0.9739014,
          0,
          -0.18761739,
          0.22052227,
          0.8680567,
          1
        ]
      },
      {
        "date" : 760283912.353217,
        "title" : "Untitled",
        "transform" : [
          0.9898439,
          -8.851843e-09,
          -0.14215907,
          0,
          -0.019403577,
          0.9906412,
          -0.13510585,
          0,
          0.14082865,
          0.13649213,
          0.98058,
          0,
          -0.03910024,
          0.14338577,
          0.88462454,
          1
        ]
      },
      {
        "date" : 760283907.116694,
        "title" : "Untitled",
        "transform" : [
          0.99209046,
          -3.4421017e-09,
          -0.12552564,
          0,
          -0.0555839,
          0.89661586,
          -0.43930683,
          0,
          0.11254828,
          0.4428093,
          0.88952386,
          0,
          -0.056488037,
          0.41695026,
          0.8615644,
          1
        ]
      },
      {
        "date" : 760283904.218173,
        "title" : "Untitled",
        "transform" : [
          0.99579436,
          -2.5955762e-09,
          -0.091617115,
          0,
          -0.005316782,
          0.99831474,
          -0.0577887,
          0,
          0.09146271,
          0.058032844,
          0.9941162,
          0,
          -0.083942376,
          0.07632515,
          0.8737009,
          1
        ]
      },
      {
        "date" : 760283895.296366,
        "title" : "Untitled",
        "transform" : [
          0.98601913,
          -4.3703667e-09,
          -0.16663165,
          0,
          -0.05341574,
          0.9472276,
          -0.31608015,
          0,
          0.15783812,
          0.32056192,
          0.93398464,
          0,
          -0.018018529,
          0.30537382,
          0.8827326,
          1
        ]
      }
    ],
    "26DBAE76-5DD8-47B6-A085-1B4ADA111097" : [
      {
        "date" : 760968975.706087,
        "title" : "Untitled",
        "transform" : [
          0.93386,
          5.3648783e-09,
          -0.35763878,
          0,
          -0.14688863,
          0.91176254,
          -0.38355306,
          0,
          0.32608157,
          0.41071782,
          0.85145855,
          0,
          0.33801222,
          0.4257451,
          0.8826117,
          1
        ]
      },
      {
        "date" : 760968943.208912,
        "title" : "Untitled",
        "transform" : [
          0.93386,
          5.3648783e-09,
          -0.35763878,
          0,
          -0.14688863,
          0.91176254,
          -0.38355306,
          0,
          0.32608157,
          0.41071782,
          0.85145855,
          0,
          0.18244825,
          0.2298037,
          0.47640577,
          1
        ]
      },
      {
        "date" : 760968882.866764,
        "title" : "Untitled",
        "transform" : [
          0.93386,
          5.3648783e-09,
          -0.35763878,
          0,
          -0.14688863,
          0.91176254,
          -0.38355306,
          0,
          0.32608157,
          0.41071782,
          0.85145855,
          0,
          0.18663727,
          0.23507997,
          0.487344,
          1
        ]
      },
      {
        "date" : 760863331.856483,
        "title" : "Untitled",
        "transform" : [
          0.9375773,
          -3.2058125e-09,
          -0.34777713,
          0,
          -0.22527644,
          0.7618437,
          -0.607326,
          0,
          0.2649518,
          0.64776087,
          0.7142873,
          0,
          0.15164879,
          0.3707548,
          0.40883216,
          1
        ]
      },
      {
        "date" : 760863330.187024,
        "title" : "Untitled",
        "transform" : [
          0.9375773,
          -3.2058125e-09,
          -0.34777713,
          0,
          -0.22527644,
          0.7618437,
          -0.607326,
          0,
          0.2649518,
          0.64776087,
          0.7142873,
          0,
          0.30634585,
          0.74896204,
          0.825882,
          1
        ]
      },
      {
        "date" : 760863151.880867,
        "title" : "Untitled",
        "transform" : [
          0.9375773,
          -3.2058125e-09,
          -0.34777713,
          0,
          -0.22527644,
          0.7618437,
          -0.607326,
          0,
          0.2649518,
          0.64776087,
          0.7142873,
          0,
          0.16498753,
          0.40336576,
          0.44479215,
          1
        ]
      },
      {
        "date" : 760863113.909859,
        "title" : "Untitled",
        "transform" : [
          0.9917688,
          2.5581692e-09,
          -0.12804176,
          0,
          -0.053984705,
          0.9067736,
          -0.41814753,
          0,
          0.11610488,
          0.4216179,
          0.8993097,
          0,
          0.07229943,
          0.26254478,
          0.5600071,
          1
        ]
      },
      {
        "date" : 760862918.094075,
        "title" : "Untitled",
        "transform" : [
          0.9917688,
          2.5581692e-09,
          -0.12804176,
          0,
          -0.053984705,
          0.9067736,
          -0.41814753,
          0,
          0.11610488,
          0.4216179,
          0.8993097,
          0,
          0.027408943,
          0.09953156,
          0.21230051,
          1
        ]
      },
      {
        "date" : 760276851.167985,
        "title" : "Untitled",
        "transform" : [
          0.9917688,
          2.5581692e-09,
          -0.12804176,
          0,
          -0.053984705,
          0.9067736,
          -0.41814753,
          0,
          0.11610488,
          0.4216179,
          0.8993097,
          0,
          0.20119563,
          0.7306124,
          1.5583942,
          1
        ]
      },
      {
        "date" : 760276848.359985,
        "title" : "Untitled",
        "transform" : [
          0.9917688,
          2.5581692e-09,
          -0.12804176,
          0,
          -0.053984705,
          0.9067736,
          -0.41814753,
          0,
          0.11610488,
          0.4216179,
          0.8993097,
          0,
          0.86209434,
          3.1305692,
          6.677495,
          1
        ]
      }
    ],
    "6FCDAD17-AD5C-4C0F-8924-E58E982333EE" : [
      {
        "date" : 760858898.773283,
        "title" : "Untitled",
        "transform" : [
          0.95846546,
          -1.4379875e-10,
          0.28520864,
          0,
          0.14234929,
          0.86654097,
          -0.4783757,
          0,
          -0.24714498,
          0.49910584,
          0.8305497,
          0,
          -0.17966804,
          0.36283723,
          0.60378826,
          1
        ]
      },
      {
        "date" : 760858891.621266,
        "title" : "Untitled",
        "transform" : [
          0.8897482,
          -1.5808665e-09,
          -0.4564518,
          0,
          -0.15290941,
          0.94221973,
          -0.29806185,
          0,
          0.43007788,
          0.33499572,
          0.83833826,
          0,
          0.31265557,
          0.24353339,
          0.60945034,
          1
        ]
      },
      {
        "date" : 760858859.655111,
        "title" : "Untitled",
        "transform" : [
          0.97307104,
          -2.3296476e-09,
          -0.23050535,
          0,
          -0.12754329,
          0.83296865,
          -0.53841996,
          0,
          0.19200373,
          0.5533203,
          0.8105377,
          0,
          0.13958178,
          0.40224972,
          0.58924,
          1
        ]
      },
      {
        "date" : 760858853.977873,
        "title" : "Untitled",
        "transform" : [
          1,
          0,
          0,
          0,
          0,
          0.7071069,
          -0.70710677,
          0,
          0,
          0.70710677,
          0.7071069,
          0,
          0,
          0.5140485,
          0.5140485,
          1
        ]
      }
    ],
    "728788E2-110D-4154-BF00-8A88431BDEA1" : [
      {
        "date" : 760858884.720656,
        "title" : "Untitled",
        "transform" : [
          0.9995954,
          -9.732737e-11,
          0.028444437,
          0,
          0.013576208,
          0.8787466,
          -0.4770955,
          0,
          -0.024995454,
          0.47728863,
          0.8783911,
          0,
          -0.01903811,
          0.36353308,
          0.6690378,
          1
        ]
      }
    ],
    "7CE00D54-87AF-4A64-A73C-50F33F81BEEE" : [
      {
        "date" : 760283677.936704,
        "title" : "Untitled",
        "transform" : [
          0.9926963,
          -9.978807e-09,
          0.120640785,
          0,
          -0.0015255848,
          0.99992,
          0.012553092,
          0,
          -0.12063112,
          -0.012645596,
          0.99261683,
          0,
          0.6279291,
          0.5356018,
          1.6780105,
          1
        ]
      },
      {
        "date" : 760276979.651612,
        "title" : "Untitled",
        "transform" : [
          0.9231031,
          -1.0532883e-08,
          0.3845526,
          0,
          -0.051484253,
          0.99099743,
          0.12358581,
          0,
          -0.3810906,
          -0.13388097,
          0.9147928,
          0,
          0.13036653,
          0.33871597,
          1.834437,
          1
        ]
      },
      {
        "date" : 760276962.431864,
        "title" : "Untitled",
        "transform" : [
          -0.03250191,
          -1.341839e-08,
          0.99947166,
          0,
          0.21499369,
          0.9765904,
          0.006991372,
          0,
          -0.9760745,
          0.21510722,
          -0.03174103,
          0,
          -1.11765,
          0.852605,
          0.67996544,
          1
        ]
      },
      {
        "date" : 760276942.654174,
        "title" : "Untitled",
        "transform" : [
          0.9628679,
          -1.4571607e-08,
          0.26997283,
          0,
          0.120520666,
          0.8948247,
          -0.42984143,
          0,
          -0.24157834,
          0.44641772,
          0.861598,
          0,
          0.016003782,
          1.1893685,
          1.9334431,
          1
        ]
      },
      {
        "date" : 760276937.251499,
        "title" : "Untitled",
        "transform" : [
          0.9984907,
          -1.4923256e-08,
          0.05492258,
          0,
          0.025779733,
          0.88299435,
          -0.46867514,
          0,
          -0.04849629,
          0.4693835,
          0.88166165,
          0,
          0.29643735,
          1.2212288,
          1.8853829,
          1
        ]
      },
      {
        "date" : 760276932.380118,
        "title" : "Untitled",
        "transform" : [
          0.9984907,
          -1.4923256e-08,
          0.05492258,
          0,
          0.025779737,
          0.8829945,
          -0.4686752,
          0,
          -0.04849629,
          0.4693835,
          0.88166165,
          0,
          0.6325591,
          1.7587043,
          3.296356,
          1
        ]
      },
      {
        "date" : 760276918.883923,
        "title" : "Untitled",
        "transform" : [
          0.99971795,
          -1.1900968e-08,
          -0.023749042,
          0,
          -0.0062348163,
          0.96492386,
          -0.26245597,
          0,
          0.02291599,
          0.26252994,
          0.96465176,
          0,
          0.8931586,
          1.0136044,
          3.3794253,
          1
        ]
      },
      {
        "date" : 760276912.824986,
        "title" : "Untitled",
        "transform" : [
          0.9973045,
          -1.1897755e-08,
          0.073374644,
          0,
          0.020295713,
          0.96098405,
          -0.27585804,
          0,
          -0.0705119,
          0.27660355,
          0.95839375,
          0,
          0.56212103,
          1.06318,
          3.435012,
          1
        ]
      },
      {
        "date" : 760276868.650538,
        "title" : "Untitled",
        "transform" : [
          0.7436223,
          -1.2167252e-08,
          -0.66859996,
          0,
          -0.24176572,
          0.9323333,
          -0.2688938,
          0,
          0.623358,
          0.3615999,
          0.6933039,
          0,
          2.794387,
          1.3621721,
          1.8924919,
          1
        ]
      },
      {
        "date" : 760276833.243033,
        "title" : "Untitled",
        "transform" : [
          0.95107913,
          5.218686e-09,
          -0.3089476,
          0,
          -0.20935719,
          0.7353879,
          -0.64449525,
          0,
          0.22719635,
          0.6776463,
          0.69941217,
          0,
          0.80576015,
          2.403298,
          2.480491,
          1
        ]
      }
    ],
    "8E0B3EC5-3B4A-466D-BED4-0B0E048C3217" : [
      {
        "date" : 760287635.412665,
        "title" : "Untitled",
        "transform" : [
          0.99970067,
          3.176042e-09,
          0.024466077,
          0,
          0.00034290104,
          0.9999017,
          -0.014012206,
          0,
          -0.024463532,
          0.01401634,
          0.9996025,
          0,
          0.016977899,
          0.090783685,
          0.28779268,
          1
        ]
      },
      {
        "date" : 760287628.018096,
        "title" : "Untitled",
        "transform" : [
          0.18273625,
          3.5087055e-09,
          0.983162,
          0,
          -0.12688391,
          0.9916372,
          0.023583358,
          0,
          -0.9749399,
          -0.12905702,
          0.18120818,
          0,
          -0.24956752,
          0.050637588,
          0.057969444,
          1
        ]
      },
      {
        "date" : 760287625.853492,
        "title" : "Untitled",
        "transform" : [
          0.18273625,
          3.5087055e-09,
          0.983162,
          0,
          -0.12688391,
          0.9916372,
          0.023583358,
          0,
          -0.9749399,
          -0.12905702,
          0.18120818,
          0,
          -0.25085562,
          0.064365685,
          0.060816437,
          1
        ]
      },
      {
        "date" : 760287620.418999,
        "title" : "Untitled",
        "transform" : [
          0.013199826,
          2.8407405e-09,
          0.9999129,
          0,
          -0.34105653,
          0.94003206,
          0.0045022466,
          0,
          -0.93995005,
          -0.34108627,
          0.012408393,
          0,
          -0.24405895,
          0.0042886883,
          0.013296222,
          1
        ]
      },
      {
        "date" : 760287609.418983,
        "title" : "Untitled",
        "transform" : [
          0.99841654,
          2.963517e-09,
          0.05625416,
          0,
          -0.0141303865,
          0.9679384,
          0.25079,
          0,
          -0.054450415,
          -0.2511878,
          0.9664056,
          0,
          0.0022200886,
          0.029876646,
          0.29035324,
          1
        ]
      },
      {
        "date" : 760287597.952214,
        "title" : "Untitled",
        "transform" : [
          0.9942781,
          2.872583e-09,
          0.10682361,
          0,
          -0.02967535,
          0.9606398,
          0.27620783,
          0,
          -0.10261885,
          -0.27779743,
          0.9551429,
          0,
          -0.011479389,
          0.022320382,
          0.28741425,
          1
        ]
      },
      {
        "date" : 760287592.836585,
        "title" : "Untitled",
        "transform" : [
          0.9967237,
          -7.7110385e-10,
          0.08088075,
          0,
          0.0016089824,
          0.9998022,
          -0.019828431,
          0,
          -0.080864616,
          0.01989354,
          0.9965266,
          0,
          -0.0049249977,
          0.10622301,
          0.2945904,
          1
        ]
      },
      {
        "date" : 760287518.536597,
        "title" : "Untitled",
        "transform" : [
          0.99905396,
          2.8844573e-09,
          0.043486677,
          0,
          0.0064760502,
          0.98884916,
          -0.14878012,
          0,
          -0.043001637,
          0.14892092,
          0.98791367,
          0,
          0.0071818624,
          0.19353068,
          0.60899043,
          1
        ]
      },
      {
        "date" : 760287515.512327,
        "title" : "Untitled",
        "transform" : [
          0.9989331,
          2.8547285e-09,
          0.046179682,
          0,
          0.0017509608,
          0.9992809,
          -0.037876416,
          0,
          -0.046146356,
          0.03791679,
          0.99821484,
          0,
          0.0052863024,
          0.12699921,
          0.61540395,
          1
        ]
      },
      {
        "date" : 760287503.275671,
        "title" : "Untitled",
        "transform" : [
          0.9987,
          2.7447653e-09,
          0.050972056,
          0,
          0.005801245,
          0.9935022,
          -0.113664865,
          0,
          -0.05064073,
          0.11381274,
          0.99221075,
          0,
          0.0025976114,
          0.17249085,
          0.6116979,
          1
        ]
      }
    ],
    "B6E0AE98-4959-46D9-BDF5-3A2259C51F39" : [
      {
        "date" : 760860433.625543,
        "title" : "Untitled",
        "transform" : [
          0.76121557,
          1.664839e-08,
          -0.6484991,
          0,
          -0.08813059,
          0.99072266,
          -0.10344857,
          0,
          0.6424828,
          0.13589917,
          0.75415343,
          0,
          0.54957634,
          0.36542207,
          0.8120094,
          1
        ]
      },
      {
        "date" : 760860192.297233,
        "title" : "Untitled",
        "transform" : [
          0.41077852,
          8.907746e-09,
          -0.91173524,
          0,
          -0.42898527,
          0.88239187,
          -0.1932775,
          0,
          0.8045078,
          0.47051516,
          0.36246762,
          0,
          0.65561855,
          0.6678311,
          0.4276856,
          1
        ]
      },
      {
        "date" : 760860189.766519,
        "title" : "Untitled",
        "transform" : [
          0.8755801,
          9.8557535e-09,
          -0.48307306,
          0,
          -0.20608544,
          0.9044341,
          -0.37353414,
          0,
          0.43690774,
          0.42661333,
          0.7919045,
          0,
          0.3120986,
          0.62997764,
          0.7734603,
          1
        ]
      },
      {
        "date" : 760860143.800299,
        "title" : "Untitled",
        "transform" : [
          0.49169028,
          9.909713e-09,
          -0.8707702,
          0,
          -0.3743728,
          0.90286094,
          -0.21139383,
          0,
          0.7861844,
          0.42993286,
          0.44392788,
          0,
          0.6442146,
          0.63286155,
          0.5000997,
          1
        ]
      },
      {
        "date" : 760860139.606511,
        "title" : "Untitled",
        "transform" : [
          0.76640254,
          2.9456704e-09,
          -0.6423608,
          0,
          -0.42103204,
          0.7552431,
          -0.50233454,
          0,
          0.4851386,
          0.6554448,
          0.5788202,
          0,
          0.31761497,
          0.81929743,
          0.54699963,
          1
        ]
      },
      {
        "date" : 760860120.842285,
        "title" : "Untitled",
        "transform" : [
          -0.092121944,
          9.398564e-09,
          -0.9957478,
          0,
          -0.49192232,
          0.8694489,
          0.04551038,
          0,
          0.8657518,
          0.49402294,
          -0.08009532,
          0,
          0.7393295,
          0.68783474,
          0.05637075,
          1
        ]
      },
      {
        "date" : 760860052.169611,
        "title" : "Untitled",
        "transform" : [
          0.8224031,
          9.848799e-09,
          -0.5689053,
          0,
          -0.19943139,
          0.93654305,
          -0.28829572,
          0,
          0.53280425,
          0.35055277,
          0.77021575,
          0,
          0.41160265,
          0.5629805,
          0.77862334,
          1
        ]
      },
      {
        "date" : 760859917.1851,
        "title" : "Untitled",
        "transform" : [
          0.8224031,
          9.848799e-09,
          -0.5689053,
          0,
          -0.19943139,
          0.93654305,
          -0.28829572,
          0,
          0.5328043,
          0.3505528,
          0.77021587,
          0,
          0.39606795,
          0.566355,
          0.7878337,
          1
        ]
      },
      {
        "date" : 760859901.095695,
        "title" : "Untitled",
        "transform" : [
          0.75786304,
          9.175141e-09,
          -0.65241367,
          0,
          -0.42582205,
          0.75762755,
          -0.4946475,
          0,
          0.49428657,
          0.6526872,
          0.574178,
          0,
          0.31092116,
          0.8198824,
          0.5549827,
          1
        ]
      },
      {
        "date" : 760859872.01582,
        "title" : "Untitled",
        "transform" : [
          -0.05791099,
          -3.4185945e-09,
          -0.9983216,
          0,
          -0.8174359,
          0.5740644,
          0.047418065,
          0,
          0.57310104,
          0.81881016,
          -0.033244606,
          0,
          0.37846777,
          0.9339167,
          0.120299675,
          1
        ]
      }
    ],
    "DCF48BAC-49EB-4D3F-B8A1-F89A3F19AF2A" : [
      {
        "date" : 760428386.257084,
        "title" : "Untitled",
        "transform" : [
          0.9999298,
          1.4319284e-09,
          0.011848393,
          0,
          0.011073448,
          0.3557159,
          -0.93452847,
          0,
          -0.0042146645,
          0.93459415,
          0.35569087,
          0,
          0.0036438154,
          0.9802259,
          0.36805302,
          1
        ]
      },
      {
        "date" : 760428384.239404,
        "title" : "Untitled",
        "transform" : [
          0.99997556,
          1.1895227e-09,
          -0.0070043555,
          0,
          -0.0069696843,
          0.09936019,
          -0.9950271,
          0,
          0.0006959496,
          0.99505156,
          0.09935773,
          0,
          0.008699652,
          1.0423037,
          0.09923017,
          1
        ]
      },
      {
        "date" : 760428382.364929,
        "title" : "Untitled",
        "transform" : [
          0.99981,
          1.1546875e-09,
          -0.01949843,
          0,
          -0.018916644,
          0.2424536,
          -0.9699785,
          0,
          0.0047274604,
          0.97016305,
          0.24240741,
          0,
          0.012862422,
          1.0169271,
          0.24902417,
          1
        ]
      },
      {
        "date" : 760428380.530891,
        "title" : "Untitled",
        "transform" : [
          0.9998258,
          1.1701673e-09,
          -0.018667825,
          0,
          -0.0077756806,
          0.9091224,
          -0.4164564,
          0,
          0.016971335,
          0.41652906,
          0.908964,
          0,
          0.025735121,
          0.44044358,
          0.9495611,
          1
        ]
      },
      {
        "date" : 760287245.604048,
        "title" : "Untitled",
        "transform" : [
          0.9998258,
          1.1701673e-09,
          -0.018667825,
          0,
          -0.0077756806,
          0.9091224,
          -0.4164564,
          0,
          0.016971335,
          0.41652906,
          0.908964,
          0,
          0.048050743,
          0.82236415,
          1.7729509,
          1
        ]
      },
      {
        "date" : 760287204.588919,
        "title" : "Untitled",
        "transform" : [
          0.9998258,
          1.1701673e-09,
          -0.018667825,
          0,
          -0.0077756806,
          0.9091224,
          -0.4164564,
          0,
          0.016971335,
          0.41652906,
          0.908964,
          0,
          0.032344762,
          0.5558499,
          1.201225,
          1
        ]
      },
      {
        "date" : 760287200.119699,
        "title" : "Untitled",
        "transform" : [
          0.9998258,
          1.1701673e-09,
          -0.018667825,
          0,
          -0.0077756806,
          0.9091224,
          -0.4164564,
          0,
          0.016971335,
          0.41652906,
          0.908964,
          0,
          0.019252859,
          0.33369383,
          0.7246562,
          1
        ]
      },
      {
        "date" : 760286122.674083,
        "title" : "Untitled",
        "transform" : [
          0.98203474,
          1.0770381e-09,
          -0.18870042,
          0,
          -0.11148986,
          0.806796,
          -0.5802156,
          0,
          0.15224275,
          0.59083,
          0.7923017,
          0,
          0.12547621,
          0.47086966,
          0.6305871,
          1
        ]
      },
      {
        "date" : 760286121.073415,
        "title" : "Untitled",
        "transform" : [
          0.98203474,
          1.0770381e-09,
          -0.18870042,
          0,
          -0.11148986,
          0.806796,
          -0.5802156,
          0,
          0.15224275,
          0.59083,
          0.7923017,
          0,
          0.02283562,
          0.08600396,
          0.15212765,
          1
        ]
      },
      {
        "date" : 760286116.524105,
        "title" : "Untitled",
        "transform" : [
          0.98203474,
          -1.5926416e-09,
          -0.18870042,
          0,
          -0.11148988,
          0.80679613,
          -0.58021563,
          0,
          0.15224276,
          0.5908301,
          0.7923018,
          0,
          0.18238126,
          0.63775957,
          0.95773983,
          1
        ]
      }
    ]
  },
  "sceneViewportBackgroundColors" : {

  },
  "selectedSceneRelativePath" : "Scene.usda"
}